# Fix print output for fix stress_curve
0 0 0
0.372710556350037 1.44980454691498e-06 0.00081422146239988
0.786831673491051 6.49067488907927e-06 0.00169459076452523
1.19241428901669 1.47567064769942e-05 0.00240789018966616
1.57562702760775 2.5122816238738e-05 0.00325284254727468
1.95111339563047 3.79215052471376e-05 0.00453066320586104
2.32565307129316 5.34352751765989e-05 0.00630553179804819
2.69859970518803 7.16377621233978e-05 0.00817904571076163
3.07130050877226 9.26121148509759e-05 0.0100890624734626
3.44645958323421 0.00011666886856403 0.0122701794657343
3.82347387207801 0.000143771216163209 0.0148959366239657
4.20138789856186 0.000173817045244971 0.0179284431149409
4.57959320105577 0.000206729832583835 0.0212264761727101
4.9580952852945 0.000242513378118821 0.0247485106450195
5.33695338741194 0.000281172827508595 0.0285385563444149
5.71612841154916 0.000322697152355158 0.0326177080702426
6.09548172767418 0.000367056899801021 0.0369505221352671
6.47499545722956 0.000414244112268369 0.0415105683687455
6.85475577547115 0.000464273017063385 0.0463152586088265
7.23477709688221 0.000517140961592297 0.0514008244278065
7.61500660281433 0.000572826306393105 0.0567894573310392
7.99539401526661 0.000631309219363197 0.0624765728537371
8.37591531903085 0.000692577259227614 0.0684497636280566
8.75655352632843 0.000756619437690498 0.0746990974753422
9.13728724255205 0.000823422483636109 0.0812148358768075
9.5180975947632 0.000892973223403559 0.0879846677331289
9.89897733480846 0.000965261846453617 0.0949969257332332
10.2799310511972 0.00104028202431814 0.102246940405572
10.6609678364656 0.00111802827119701 0.109740507462818
11.0420931041976 0.00119849310642618 0.11749117162335
11.4233039588296 0.00128166568095885 0.125513034998517
11.8045894039743 0.00136753223705957 0.133813540742283
12.1859349797044 0.00145607813449806 0.142390550907174
12.5673284792685 0.00154729009718874 0.151234838490511
12.9487625927715 0.00164115706311363 0.160334979034917
13.3302339418539 0.00173766952596406 0.169680891532907
13.7117413412514 0.00183681863773263 0.179265259549711
14.0932853581474 0.00193859594843616 0.189084513392763
14.4748683153305 0.00204299336562485 0.199140109845013
14.8564929635724 0.00215000255222541 0.209438563962029
15.2381600018903 0.00225961389634719 0.219988738903829
15.6198665006448 0.0023718160160997 0.230797429187181
16.0016066165862 0.0024865963784187 0.241866055928908
16.3833738416787 0.00260394255425443 0.253190298375715
16.7651630276815 0.00272384319579877 0.264762157133809
17.1469712541804 0.00284628831026356 0.276572786333204
17.5287977676317 0.00297126902169162 0.2886149430706
17.9106434834547 0.00309877712717484 0.300884710368981
18.2925101999657 0.00322880455475063 0.313382275186008
18.6743995552948 0.00336134276864458 0.32611140581814
19.0563120166632 0.00349638229992364 0.339077607694671
19.4382463578932 0.00363391263732014 0.352285636836319
19.819980965953 0.00377380514828033 0.365624083354881
20.2005739108336 0.00391522628336647 0.379208890915624
20.5772232427413 0.00405658984879179 0.391940656471034
20.9517211790928 0.00419829254207954 0.405339478327988
21.3263328605898 0.00434299795765899 0.417019538977886
21.7014510035841 0.00449035633137491 0.425557789431439
22.058315470668 0.00462893967672567 0.427024765341181
22.4168953142172 0.00476695617220113 0.432878419940913
22.7637410822392 0.00490203616848601 0.432718822684359
23.1218822081521 0.00504569173025516 0.435145588626973
23.4597785811442 0.00517728125981971 0.430387043734903
23.8070350899616 0.00531771084440905 0.429398156144035
24.1567321030678 0.00546210426500725 0.430061636040827
24.5143450240077 0.00561408831634121 0.432211045727562
24.8689297640536 0.00576566564670409 0.432739228003563
25.2254615472303 0.00591993225609323 0.435802724889354
25.5877344798647 0.00608212926388313 0.438681542243482
25.9548154072028 0.006250632977407 0.442163937957156
26.3134583561354 0.00641478647984371 0.443586679288663
26.6723316443747 0.00657927826520016 0.446645970085028
27.034697884272 0.00674936790045081 0.448198197924369
27.3818704827372 0.00690978090772406 0.445436712930669
27.7406455025388 0.00708167999479601 0.448838739387216
28.1045093021165 0.00725990516407704 0.449571440013377
28.4718300230782 0.00744340352542526 0.450016977489058
28.8346286443421 0.00762576171540024 0.448992525223291
29.2007223940346 0.0078125965041785 0.449746425036844
29.5678424699615 0.00800223398243372 0.450006949873817
29.9383353184289 0.00819736122735977 0.450404030357304
30.2939598604728 0.00838099697487325 0.447768948837978
30.6570829723266 0.00857347968475579 0.451490025505786
31.0240899066901 0.00877148264013279 0.453871696777262
31.3944395565182 0.00897502018716117 0.455087456741735
31.766667846727 0.00918278407092472 0.455876189630813
32.1400474702482 0.00939425039503868 0.456554130805808
32.51450275951 0.00960877393495224 0.457421486310925
32.8895279379986 0.009825853566693 0.45824815325213
33.2514629433637 0.0100322007205291 0.456395143637801
33.6173216462201 0.0102440500302599 0.457996762893271
33.9854608746419 0.0104593809607856 0.459028107158032
34.3506439050751 0.0106753620641701 0.458159780131499
34.7152618020203 0.0108900002740158 0.456569359878079
35.0804234688368 0.0111084380426125 0.458450194509981
35.4448879133072 0.0113277530838366 0.458761092819184
35.8120264099294 0.0115533600418374 0.460646253348496
36.1800548595716 0.0117806194192862 0.461331439099279
36.5497176814117 0.0120120032774845 0.461425697586736
36.9126500935287 0.0122376849444804 0.461617133545973
37.2715722749037 0.0124625475298144 0.462083673483151
37.6383879353218 0.0126959090167704 0.463681080475914
38.0070551990528 0.0129337348536876 0.464255836890932
38.3780450398866 0.01317657706951 0.463941367025142
38.7486866353081 0.0134215316873221 0.464012786293648
39.1206591632756 0.0136699489882967 0.465618187606021
39.4887902547085 0.0139167739425299 0.464667075379803
39.8551852477158 0.0141619541773958 0.466291006598286
40.2235364700083 0.0144106511974455 0.466494155230711
40.59131792915 0.014661886478508 0.466135314789331
40.9636859994757 0.0149198998879212 0.466911016087356
41.3349917956625 0.0151792357109552 0.466336450845635
41.7089846207836 0.0154435348445457 0.467706563304074
42.0821291669878 0.0157084961444894 0.46786720483822
42.4573978156357 0.015978196638671 0.468743185471375
42.8317684374995 0.0162487055050549 0.468726482706708
43.2067077149199 0.0165219928142378 0.46920801314228
43.5815651731263 0.0167970123497189 0.469217610864034
43.9566578844482 0.0170742240473226 0.469042423747274
44.3328022540577 0.0173547409993164 0.470006996933629
44.7088052470824 0.0176371786411116 0.470525277463657
45.0838560916916 0.0179197311693469 0.470011717671592
45.4571411770627 0.0182024480495382 0.470179736492584
45.831293278049 0.0184870649270361 0.470584857187261
46.204870046975 0.0187733742922201 0.470191255330214
46.5786189209355 0.0190616345199959 0.469816821490936
46.9488727067662 0.0193458463479931 0.470187761866745
47.3167061630248 0.019628597917425 0.47032713275991
47.6852442915379 0.0199153804417041 0.471956179062683
48.0559965632117 0.0202061876623971 0.472853512026023
48.4278335391861 0.0205003463450826 0.473076584444218
48.8002472114955 0.0207973249641922 0.473289711831353
49.1726938048259 0.0210962749425912 0.47392907502271
49.5448079412835 0.02139671715336 0.474077058733332
49.9181570140483 0.0217006964863512 0.474976628457908
50.2917066600279 0.0220063319687258 0.475316591235454
50.6656368805844 0.0223147599377155 0.474741564142344
51.0403094446087 0.0226256214043 0.475167197403003
51.4151628580594 0.0229389555364467 0.475745529826044
51.7901450995694 0.0232535060862983 0.474821218848474
52.1647280736181 0.0235694603272827 0.474317355636175
52.5379837215436 0.023885784396436 0.474167745952016
52.9126971648986 0.024205187707965 0.475623498901005
53.2870201528775 0.0245259598252249 0.475085145316701
53.6610596931888 0.0248482183588271 0.476110346918794
54.0352305996816 0.0251722308583661 0.476567892761875
54.4087029364262 0.0254968787063064 0.477120454416435
54.7818421534013 0.0258232845207244 0.477513841625273
55.1563213345097 0.0261523591026762 0.477643094609077
55.5309248242142 0.026484239629967 0.478383412740649
55.9041180041291 0.0268148743339893 0.478030052061118
56.2765616795056 0.0271462343995631 0.477217882665764
56.6505422473927 0.0274817428949289 0.477443107628696
57.0256037260594 0.0278205491016249 0.479004720891655
57.4004882015787 0.028160919168402 0.479268939444392
57.7750450674059 0.0285025562297989 0.479145438574233
58.1511386359908 0.0288475743056401 0.479139660822575
58.5266268619633 0.029193631838341 0.479432486147474
58.9026525113889 0.0295423479164268 0.479832209490426
59.278368568095 0.0298921003158147 0.479823720359132
59.6531870703576 0.0302420762660903 0.47930870701175
60.0291159102174 0.0305957227834667 0.480176578923585
60.4058300827027 0.0309512364939485 0.479635776404396
60.7831003693821 0.0313098066175748 0.480069106875984
61.1587383977074 0.0316674097878793 0.479971790216488
61.5252568768767 0.0320121734397292 0.475927286670798
61.8977456596812 0.0323674448415092 0.48054894514614
62.2697032226388 0.0327229805804782 0.481150952348271
62.6382108029244 0.0330754027252878 0.480557241844794
63.0101158349513 0.0334346489358553 0.481222303781969
63.3821904237714 0.0337954587037587 0.48099607246172
63.7548240210003 0.0341584659574593 0.480666166293481
64.1279230376772 0.0345241925590668 0.482317414921777
64.4995642810747 0.0348894095213424 0.482064410390457
64.8720335016712 0.0352569969880752 0.481643153788294
65.2466482613688 0.035629639955103 0.48263567296818
65.6194797651711 0.0360014268979367 0.482077579624714
65.993683731478 0.0363779715091508 0.483324695524971
66.3710535589741 0.0367592962628891 0.483112087134291
66.7449510811565 0.0371376333206201 0.482948292952174
67.1200864850432 0.0375178987093217 0.480693069564042
67.4899768927878 0.0378909935088548 0.482191914254657
67.8583637308218 0.0382633202168752 0.482553150186562
68.2276340840456 0.0386377987720584 0.483644479818945
68.5969779115348 0.0390146109442041 0.482949951154188
68.9676346151978 0.039395703003982 0.482984939347697
69.3371570924387 0.0397756664396591 0.483116106639323
69.7077355769717 0.0401595553131856 0.483257713226171
70.0800529571485 0.0405463657453002 0.483240738262242
70.4525275608384 0.0409365165774618 0.485305697279415
70.8271915695706 0.0413310025747697 0.484841573557697
71.2025039223776 0.041728639059891 0.484927698513985
71.578791605916 0.0421296973948077 0.485455545382003
71.9542029354668 0.0425301918393327 0.483751704651376
72.3300769927366 0.0429331644817764 0.484157674333798
72.7063028897226 0.0433382003662593 0.485058486160325
73.082478595856 0.0437445107849216 0.485074297998169
73.4584599963366 0.0441521006786759 0.48504763309888
73.8351975547887 0.0445621281833142 0.485533681145845
74.2089962729142 0.0449681824703389 0.483754428501079
74.5855532429983 0.0453811569124718 0.484905599342631
74.9621122112865 0.0457949335150658 0.485238129052087
75.3384299287704 0.0462103818768155 0.485205712742261
75.715823448679 0.0466285630402678 0.485688505106111
76.0916987141675 0.0470458141528289 0.485674701115879
76.4680380821109 0.0474644603824594 0.485495601733428
76.8437333795859 0.0478841157298429 0.484669495175537
77.2211473065538 0.0483077317030569 0.486503939919541
77.5955230398029 0.0487278821977966 0.485439350419578
77.9706318946915 0.0491498351014508 0.484770233801628
78.3462209638182 0.0495749580924763 0.486083610217765
78.7217964396291 0.0499993037024175 0.485481197557334
79.0989079219193 0.0504290731483759 0.485902761429737
79.4733905000902 0.0508564026351133 0.486500583717985
79.8477367841494 0.0512843293398834 0.485366600426713
80.2235491297865 0.0517155909412699 0.484673462729103
80.6001502918283 0.0521493013475117 0.484881966825236
80.9768577090884 0.0525843159625797 0.485926434765872
81.3524449198891 0.0530198452997023 0.486224248868343
81.7286947404367 0.0534577480508074 0.486793706190467
82.1049234028999 0.0538963033409412 0.486665706965517
82.4812455449496 0.0543362987609412 0.486715784683652
82.8585655661301 0.0547800428193591 0.487250625653381
83.2305930509028 0.0552159275107053 0.486548136502388
83.6111470368615 0.0556664765526402 0.491236267556053
83.9810653821831 0.0560999102974409 0.48551026864892
84.3601031400035 0.0565525696037513 0.488748555721852
84.7336728885328 0.0569939952495025 0.486852750771492
85.1124386948511 0.057445608027692 0.487025452313278
85.4887914030633 0.0578960068134032 0.486564814879109
85.865548232903 0.0583504473363955 0.486841950471624
86.243171520683 0.0588063845581663 0.487163354212448
86.6209585063654 0.0592631877123333 0.487066701251431
86.99738793939 0.0597205043815865 0.487865500211016
87.3776437588851 0.0601853108152762 0.488225430997728
87.7572275556504 0.0606470363520392 0.485606868619466
88.1351706956551 0.0611094918446279 0.484813580191324
88.5113513639834 0.0615680231104695 0.486243233165654
88.8792684038744 0.0620136396749539 0.486796253699945
89.251712302398 0.0624678105920987 0.487038080970593
89.6228665902801 0.0629224457949366 0.486780798438858
89.9972652401335 0.063382703472321 0.486748237342005
90.3699356228963 0.0638416662514881 0.487348495409487
90.743686076331 0.0643041474040374 0.488780773139294
91.1185396795614 0.064769874317541 0.486948304753096
91.4930529198942 0.0652357170829974 0.487904089515503
91.8633385595062 0.0656954347356095 0.487002989845561
92.2362644272099 0.0661594656930713 0.487674563547199
92.6103100476719 0.0666279362444088 0.487925891818855
92.984779222057 0.0670992521280483 0.487487495776619
93.361259446947 0.0675747023177667 0.48746941236499
93.7375856333804 0.0680511152946355 0.488203375431868
94.1087292143376 0.068521067348682 0.487665739554487
94.481541980726 0.0689907350711559 0.48081956137076
94.8587420289625 0.0694686640495825 0.486680979301434
95.2350870814819 0.0699496153031776 0.490794862103625
95.61145366841 0.0704332251345419 0.490025659089471
95.9851643915344 0.0709110495055998 0.488703657833779
96.3560686420618 0.0713860129589962 0.49069094391099
96.7351241786811 0.0718749977067928 0.485676282566294
97.1074693816619 0.0723581530099502 0.489034628080147
97.4899947145857 0.072853501978348 0.488200980051761
97.8647855067105 0.0733401245327586 0.485632390020336
98.2442458772366 0.0738367496558407 0.486665677866861
98.6292445125722 0.0743424837540898 0.489725991495283
99.0037353369712 0.0748357440292482 0.48394536075229
99.3902011935303 0.0753444707929801 0.486222504467497
99.7650382627501 0.0758400285693458 0.485041271859944
100.153112517656 0.0763565309545256 0.49022853532911
100.529498588389 0.0768547938903317 0.486606629241521
100.915854703778 0.0773697341501949 0.489767514856456
101.288986489503 0.0778666875879878 0.483100156556953
101.669659894341 0.0783706851069642 0.47904091971651
102.043773232239 0.0788669980722489 0.483724694187054
102.420999301854 0.0793682486325993 0.485664868012134
102.790621127506 0.079857358465886 0.483077521840629
103.160567197096 0.0803479077041668 0.485347404867585
103.532154718895 0.0808421393999174 0.486619723632575
103.903537618644 0.0813373888195571 0.48694240546592
104.275791334896 0.0818355094676078 0.486834640182339
104.649327866423 0.0823376938046564 0.487251178242056
105.023030350296 0.0828415233035712 0.487519107562052
105.398431087129 0.0833489779906778 0.488168776718842
105.771417898981 0.083854084704346 0.486059027937632
106.154679374414 0.0843786316282239 0.48740884675295
106.533541570742 0.0848980093225167 0.488847000359614
106.909285564642 0.0854108764496918 0.490106026555838
107.285513913043 0.0859257636820609 0.489972382227298
107.664584694358 0.0864456992046089 0.486458862567808
108.045098466494 0.0869719484130642 0.489294635545334
108.421472672411 0.0874913822146808 0.486929731926246
108.798717290858 0.0880124912482441 0.485908573556353
109.174991524977 0.0885335204416272 0.487126650773351
109.547124379345 0.089042102194009 0.482670336392694
109.92082260528 0.0895616120309957 0.486661829918796
110.300020246208 0.0900895770323625 0.487651599706154
110.670543686676 0.0906016133526439 0.486575943634297
111.044590654697 0.0911220888719782 0.486035729768738
111.416767402757 0.0916375523076649 0.485804292155812
111.784400193777 0.0921475726773686 0.486849719987904
112.156125769634 0.0926633317277603 0.485652275491733
112.526895830774 0.093180876256393 0.486306018572091
112.90035906333 0.0937036987159917 0.486609305585073
113.272272726798 0.0942253671274801 0.486096814421757
113.647483467681 0.094754875822646 0.487307025093212
114.024168676183 0.095286273536191 0.487309872194399
114.402601126283 0.0958254456360114 0.486101163851089
114.783353373395 0.0963697987560144 0.486875996500273
115.162802202366 0.0969117432117151 0.486613126743061
115.544190658945 0.0974611590949022 0.485151838321166
115.927375895962 0.0980085594319081 0.487816670482575
116.305217821597 0.0985538696946781 0.485183463360875
116.690029280687 0.0991072894208638 0.482942103017155
117.071487179849 0.0996616973803839 0.487866763165051
117.455943774297 0.100215696037112 0.482168272677606
117.828913595028 0.100755193256494 0.486321102225408
118.199772464542 0.10128322368926 0.476952647820837
118.574180539424 0.101822529489821 0.484754249897089
118.939491208139 0.102343336986986 0.478082770090659
119.319233653265 0.102891071766315 0.480750106991695
119.690138670031 0.10342523661504 0.483653346626249
120.061816804266 0.103962160464198 0.482867559606684
120.43463016405 0.104503037225293 0.484302492433275
120.80995615772 0.105049103836105 0.485001879960421
121.185318969532 0.105597483961723 0.485170705585688
121.560391748642 0.106144977435789 0.477756046306049
121.940690978488 0.106703346954745 0.483138372719638
122.324036665701 0.10726944986934 0.486427028082991
122.705522118927 0.107835821517841 0.487776168873552
123.083053220507 0.108390221798271 0.480775625632625
123.465372885852 0.108961445863639 0.484232939985866
123.84766920885 0.10952908505321 0.484326357561085
124.226510173533 0.110091514941961 0.486741975823548
124.601726550713 0.110645469368283 0.478303064740127
124.985002922237 0.111216712909072 0.481266021295605
125.361869833138 0.111779244030957 0.481045718055392
125.737588597612 0.112338006661979 0.480417411073478
126.112730492093 0.112896126090356 0.481545032469303
126.486876233873 0.113452981988164 0.482393644972779
126.864531491509 0.114017339162223 0.482638428341088
127.241702841097 0.114584014583119 0.483652777955898
127.604405210295 0.115113543265798 0.474470977112315
127.963959858361 0.115646262261328 0.482454226409022
128.331725026755 0.116188635949908 0.485984512788587
128.700327189113 0.116738323041333 0.480164728910505
129.06506075412 0.117278355655079 0.481525558161011
129.432697559713 0.117827385458778 0.482641900431045
129.803204672854 0.118383268709629 0.481889174635577
130.177054457324 0.11894698225274 0.483073115328798
130.55414333819 0.119518900275259 0.483040838091042
130.928090331288 0.120085892625735 0.483346329396655
131.302062260624 0.12065257674503 0.481366651631382
131.683937494859 0.121232783887315 0.48372563978162
132.060419575048 0.12180966757098 0.481052609517995
132.442738055803 0.122393414359316 0.48367836793533
132.81781880788 0.1229704875577 0.477887386393197
133.186193295921 0.123522156230454 0.477815584509138
133.545407372162 0.124063647917027 0.467161124823507
133.912579242332 0.124619862141601 0.480622347513234
134.275280414183 0.12516497014436 0.478027770412298
134.644300575373 0.125728648288944 0.481573167574051
135.014900191068 0.126294389702333 0.479966549387875
135.384054334823 0.1268598187606 0.480660810888344
135.757391958368 0.127433336408219 0.482574374142991
136.129252668044 0.128005051670824 0.480993598725472
136.499973300418 0.128576418871055 0.484087836467792
136.880813093883 0.129167649866606 0.481660894244407
137.257782877498 0.129751767276252 0.481908216408297
137.634922791966 0.130339941488728 0.482711493097272
138.008831284829 0.130919757912853 0.472985263581066
138.387476640226 0.131510197609536 0.47892042916719
138.759917727941 0.132092184306893 0.479236195418762
139.124971191155 0.132656315510991 0.477916820395297
139.49805268366 0.133229931267767 0.473760245488699
139.865229071583 0.133800097364046 0.47857099362047
140.229206839228 0.134361694065317 0.474770213704684
140.597112244657 0.13493301090509 0.473694914112494
140.9740150449 0.135522300185733 0.479185005771282
141.343169181718 0.13610036964764 0.477816667111133
141.714775389411 0.136683312095234 0.479516982982232
142.084431779443 0.13726057059917 0.475387080675902
142.458523521355 0.137849391225535 0.478480221847221
142.82975868569 0.138433275029115 0.477284599989326
143.204711095193 0.139025600053647 0.478231236345179
143.575569710232 0.139610107343863 0.477280513407004
143.946007709832 0.140193752983376 0.477000240710741
144.315645810352 0.140776631153491 0.476393212636489
144.687915548849 0.141365656835599 0.477491492359275
145.05621351417 0.141949166978463 0.476225885852668
145.429588060403 0.142540589463743 0.473237774880027
145.803851962635 0.143135984533611 0.475852950442743
146.17762934233 0.143731447036763 0.476576300059716
146.551329787397 0.144325986530139 0.476119572881131
146.923699537587 0.144919010864563 0.474410476953775
147.298965169119 0.145518919840154 0.470549355582976
147.666960393292 0.146103770321242 0.476203194766451
148.035833761034 0.146688938559563 0.47578154558019
148.409054790271 0.147289467994475 0.476145969842961
148.78160685415 0.147886581955192 0.474114462726206
149.156540026628 0.148489875191665 0.475135377217883
149.5293129627 0.149089728283925 0.475440871927567
149.903350478574 0.149692940947707 0.47288851396043
150.286670293191 0.150316406102605 0.476334874887383
150.656367783588 0.150913386016516 0.469369147036801
151.028279771962 0.151509373032133 0.471496464559761
151.400994366283 0.152112831146146 0.474554310374817
151.775553295494 0.152717106004198 0.474861582182484
152.141283857366 0.15330515513159 0.473206029666766
152.505170066546 0.153888989976589 0.472430974453667
152.877679231006 0.154490393634741 0.472417856780832
153.248239403583 0.155092939972573 0.473393382325205
153.617166165465 0.155690008895853 0.472984526648793
153.988126745192 0.156291819948596 0.471451961178862
154.361341190378 0.156900143867506 0.472519876094052
154.73934699378 0.157518060803922 0.472572269000309
155.114712638236 0.158133995307335 0.473464293236598
155.491501409182 0.158752843897412 0.473138041677665
155.866529545094 0.159367531001464 0.471063368350006
156.241076471148 0.159981978192404 0.47133508473391
156.615041022784 0.160595686062011 0.470959954450368
156.994059329437 0.161222986472281 0.471912668032231
157.368660815856 0.161838352954918 0.471282975911378
157.741586180996 0.162451858919893 0.471072466181714
158.113060544296 0.163064258504594 0.469723660399972
158.491360412629 0.163689109247492 0.472055645829223
158.863318658598 0.16430098504528 0.472281280642849
159.227636340751 0.164895769044869 0.469403218901507
159.59613199023 0.165499346830093 0.46247880551917
159.966269976588 0.166110490382977 0.470819265676696
160.329707931718 0.166705615490596 0.470072199931589
160.696629130273 0.167308996730996 0.470314848546431
161.05729255502 0.167902010436599 0.468024505793172
161.425978983594 0.168506260214321 0.472145542164326
161.786345513268 0.169097460019959 0.470142962410895
162.155668860858 0.169707865069247 0.469202031728032
162.52503670543 0.170319023876598 0.469128862357406
162.886237330718 0.170914119608026 0.466260893264452
163.254968761536 0.171524350963179 0.471670482903851
163.620816299496 0.17213337585522 0.467416068804955
163.997585686275 0.172757670513607 0.471660529824129
164.363201612835 0.173365430193077 0.464640058750816
164.732446604298 0.173978887819192 0.469769691277527
165.098354352713 0.17458902151863 0.463708193745097
165.473569013427 0.175216823926803 0.468200239297273
165.837433901263 0.175817876356609 0.465081366954502
166.193649125195 0.176410144419179 0.463194186196295
166.567645205157 0.177035390984755 0.46606074496242
166.92958316021 0.177634812456341 0.465271497719864
167.293463568558 0.178241366277177 0.467598590676229
167.650509889999 0.178833151571695 0.463683072355707
168.013933146563 0.179437049389432 0.461000365772754
168.37925414477 0.180048347170596 0.466087881733896
168.745050818978 0.180662229338006 0.466472736860498
169.108348862926 0.181269741730611 0.465573315804817
169.4715327559 0.181878959593257 0.465947781053999
169.829469133242 0.182475594753456 0.458162588255733
170.199457192008 0.183098860286812 0.466823107027953
170.560735151748 0.183706419871617 0.462200378292352
170.927405320723 0.184320894296615 0.453593637880258
171.298936999512 0.184950718298717 0.46829165071339
171.656381627105 0.185547281954583 0.457556734362908
172.026034234753 0.186172232171115 0.461042749333895
172.383981818537 0.186774351733954 0.46555071653222
172.739096256796 0.187363310128021 0.448593473931444
173.110698113553 0.187992689904028 0.460839645539193
173.473777899454 0.18860822725788 0.459749576038587
173.838858099055 0.189228364868883 0.46290108404167
174.205491950237 0.189850842939538 0.460430579586718
174.57699638367 0.190483318316256 0.465729912276225
174.941727725794 0.191103589953678 0.453393428887272
175.313973511528 0.191739548210216 0.465593145978206
175.678845374982 0.192354847363888 0.456831671912228
176.054405719674 0.192999876971137 0.465087119220659
176.414983928208 0.193613374090498 0.455398775663982
176.784919834359 0.194244973859568 0.463086000336394
177.132328470502 0.19483286706384 0.455598647863908
177.499841940981 0.195449709526577 0.454973183122642
177.855522228974 0.196053247806521 0.461335110966989
178.212349707847 0.196652275309974 0.451004931467082
178.570587835682 0.197261802106229 0.460742759957085
178.916299171884 0.197842134022896 0.452574538010602
179.285756756362 0.198475990995959 0.464772436585452
179.628947285989 0.199049610392476 0.451163953678706
179.995300188244 0.199679109806265 0.462023122914255
180.348413920797 0.200278298463056 0.456849783690292
180.701010737424 0.200875606827463 0.443255284664163
181.071917719752 0.20151715411123 0.461848610735893
181.420534072285 0.202108005235809 0.456417425246615
181.788993367817 0.202735821436704 0.460127196115732
182.148723923005 0.203352922054432 0.447449389821871
182.498798344658 0.203945141439143 0.457188273579861
182.852354799936 0.20454803783539 0.459758975877904
183.210918226199 0.205165073367853 0.453790183974887
183.568502084616 0.205779417440194 0.452534300246406
183.927965734447 0.2063984477046 0.455887556367406
184.288685833278 0.207021919455705 0.457696741805236
184.650368941078 0.207642495868489 0.45079907410124
185.015344968394 0.208276681871797 0.459437482362384
185.369323715063 0.208883492055408 0.452347349289144
185.740017333117 0.209526702202592 0.458697145079826
186.093399147654 0.210133796030326 0.452105070159762
186.450756591749 0.210747384299485 0.455184255136804
186.809198908248 0.211366723924169 0.452487745694987
187.15786734786 0.211963759783636 0.452309825279558
187.50794447787 0.212563464744822 0.446474275579411
187.869709610206 0.21319101970427 0.457775987619869
188.214534655468 0.21378125481624 0.449441712167946
188.580082366583 0.214416886563609 0.459391738936898
188.922898913174 0.214999671502809 0.433409034185843
189.282104504795 0.215626016280395 0.448836928321534
189.648502047392 0.216264779520197 0.457698454509308
189.99482712803 0.216859263603504 0.45003978354035
190.36468011599 0.217506411607057 0.456930938682883
190.711361531456 0.218096742048529 0.43071887775457
191.055032080188 0.218690892553447 0.44398777597453
191.416210667332 0.219320944100759 0.453220377674975
191.767309706514 0.219928360101689 0.451703030573222
192.12618042861 0.220555158935829 0.449939019247172
192.484009265296 0.221179833093259 0.452670250382734
192.842519655559 0.221810455907246 0.451953752913236
193.208307949377 0.222449657604735 0.45368382520979
193.559596720752 0.223060699224946 0.435299669102535
193.935385587386 0.223724021385532 0.454663772888149
194.282579216796 0.224328992379526 0.44022890649177
194.656188589494 0.224986039093188 0.452842869008608
195.007504716026 0.225600045421535 0.438501535300654
195.366920059578 0.226228376557747 0.449613897404328
195.720633445345 0.226846853817492 0.442778865815583
196.078652828339 0.227470933139481 0.453169549126856
196.425960453993 0.228078567793815 0.45034198258525
196.771493914479 0.228679359579179 0.438593074300866
197.134766549315 0.229319644322163 0.449714964098581
197.492923721606 0.229943494140656 0.442862229024187
197.853861334716 0.230582153372703 0.452340266990572
198.211782823799 0.231207723306956 0.438239835208507
198.573700938952 0.231850396654534 0.451679139445706
198.931804973288 0.232476230437477 0.43709625244749
199.291768999641 0.233115845932164 0.450868686096748
199.651364420562 0.233745018108444 0.436874760619237
200.011117096965 0.234384992746237 0.450271067054449
200.370546617545 0.235014367502266 0.436990829570311
200.733340422971 0.235660497961934 0.450082778543244
201.089365732196 0.236284100609095 0.436352167852421
201.449496681043 0.236925987086698 0.449610189800089
201.806808467508 0.237552391135961 0.436469981666922
202.168128186143 0.238196696811621 0.449239861293213
202.524848914315 0.23882282232492 0.433818475895004
202.885777826578 0.239466955377353 0.448879258054216
203.24053131706 0.240089751412901 0.435819188804747
203.603292866664 0.240737763371855 0.448297696606528
203.957196454886 0.241359511197487 0.433200116383242
204.317428326665 0.24200410371217 0.447874324044718
204.673380316412 0.242630550674375 0.435809215332704
205.03261985106 0.243273576375885 0.447200712858415
205.389362400579 0.243901532205243 0.436698125905693
205.74943881204 0.244546824718716 0.447052511307095
206.105346759463 0.245174400057927 0.433758273890532
206.467116054918 0.245823516401808 0.446435411138772
206.821677366186 0.246448466334487 0.429495173219334
207.178822553848 0.247088797966021 0.445597353714386
207.535998079226 0.247720168692022 0.432251070355595
207.895421175587 0.248365522135701 0.445331536053824
208.248643188249 0.248989029937434 0.430867789022909
208.606019968846 0.249631153897148 0.444940920794781
208.961348180851 0.250259116986279 0.433195767721838
209.316738392039 0.25089799113493 0.44438547490646
209.672911792594 0.251527777466459 0.433813542761959
210.034481198165 0.252179097884918 0.444389718020751
210.385616068289 0.252799859489472 0.426146875380172
210.733966259194 0.253424581714861 0.443012122987854
211.089596515199 0.254058288618353 0.440795355634089
211.436845580141 0.254681923725574 0.440303704934408
211.776822771859 0.255282880965038 0.417568599698984
212.134979672506 0.255927259595704 0.44169481154982
212.482580763228 0.256538896927027 0.424342015635536
212.837256502922 0.257176821386223 0.441434830307604
213.184217238398 0.257801407585826 0.436718622136753
213.534863930538 0.258427694005429 0.437961097183212
213.87774499725 0.259040946026261 0.430070733294971
214.242363437972 0.259696355595767 0.441951044877747
214.587518117206 0.260313210978478 0.432494013177546
214.946275322664 0.260954563218619 0.440870313086628
215.293981904836 0.261579022877349 0.432820167578034
215.651785112714 0.262222161347441 0.440108226245405
215.993512852259 0.262833649301784 0.432360081717441
216.356786410719 0.263489411203697 0.43890026327193
216.700828110232 0.264103791746859 0.424886082815625
217.034409331593 0.264695554937875 0.422924129144359
217.394332523848 0.265348643270679 0.439068677442203
217.736534242213 0.265964689713237 0.427770036729034
218.090059539969 0.266603544690127 0.437170673641243
218.434503830991 0.267221490247835 0.425306090590252
218.796723370145 0.267877772779998 0.438620257449375
219.135441306601 0.268482225903927 0.412807245924583
219.502575464805 0.269152159144182 0.439318644414569
219.847294564565 0.269769581450288 0.42934480236876
220.201804810332 0.270412544252164 0.437654027109491
220.552730365727 0.271041278640493 0.420403640659922
220.909536189528 0.27169365493676 0.438009684567678
221.258546760553 0.27231735150281 0.423809849796686
221.603751319177 0.272937082984587 0.427812523053063
221.953968834804 0.273573613261025 0.435938435541845
222.300926348709 0.274193397101474 0.429678137891764
222.652852331598 0.274835361402815 0.436108156914276
222.991872931079 0.275446269408456 0.41715837988264
223.344052739297 0.276084602606004 0.434372921864011
223.683761044381 0.276695140337244 0.419241277124634
224.042422977689 0.27735100038182 0.435693737684234
224.386836778873 0.277966476034572 0.428336891284677
224.737189661394 0.278606227257512 0.435911931193992
225.078657573541 0.279217056186238 0.424303087738766
225.417554784744 0.279828845164243 0.432366370561078
225.768381210703 0.280464409675435 0.433813853696921
226.110308280199 0.281086999464058 0.427186302830849
226.459289983682 0.281721852849776 0.431859525961584
226.797003382761 0.282335174673027 0.425857667558889
227.159198936724 0.282994431756676 0.432639150539274
227.495892330025 0.283600604694611 0.405064482016367
227.861078346497 0.284273320056266 0.433791085211287
228.204715915111 0.284893099377798 0.42451442283106
228.553358276209 0.285529465017456 0.431330123515581
228.892618211154 0.286134165411662 0.402853083729113
229.239085055758 0.286768057758118 0.430936653321279
229.575755403453 0.287374181154052 0.425346805301653
229.922105294773 0.288008674115531 0.430923382467111
230.251432152594 0.288599959571296 0.414877623707574
230.597103911712 0.289232226818403 0.4299469551492
230.938763432873 0.289856604232634 0.421577684826458
231.297331905011 0.290519820195005 0.429744551944535
231.640439717179 0.291152710458502 0.425605767114343
232.009216691842 0.29183715303355 0.429673563386895
232.361234349372 0.292486644193199 0.416695793269909
232.732733555618 0.293177118992654 0.427610505456315
233.086338034704 0.293832453257275 0.415641046583219
233.458981058819 0.29452660148426 0.427174951993651
233.813289316883 0.295183440880179 0.415991276068656
234.180097784847 0.295865133458259 0.426524932638491
234.532865805917 0.296520165804525 0.419321512615971
234.902100502398 0.297207037025972 0.42687900675504
235.251594580348 0.297855432557967 0.416934526220036
235.620956423328 0.298542368393097 0.426295925986277
235.97075230241 0.299191849093177 0.416713371401507
236.339915816881 0.299878957495666 0.425730693584292
236.689126376435 0.300527694836492 0.415640469656682
237.058593960761 0.3012158605245 0.425143441714702
237.408362586792 0.301865935249359 0.414728162206419
237.777691736335 0.302554674175764 0.424644425334114
238.126205437783 0.303202752897275 0.414136980246663
238.495234438246 0.303890881679041 0.424166109830459
238.844523544815 0.304541102967152 0.413274669921698
239.213352640597 0.305229336978547 0.423538704227557
239.562439330571 0.305879916425906 0.414757550198276
239.931266536876 0.30656828038847 0.423130447894483
240.281190124149 0.307220545189156 0.413108756271206
240.649962084245 0.307910133194345 0.422734966556476
240.999009985419 0.308560698218693 0.412258288307417
241.367746682657 0.309250673129249 0.422259678404407
241.715589223626 0.309899262736549 0.411820167497721
242.06924177826 0.310558406638672 0.418863572784952
242.424255967653 0.311221602123742 0.410370030792314
242.794253839178 0.311915879689929 0.421221021680018
243.144449755885 0.312569348435549 0.408867253554211
243.513987215265 0.313262848029011 0.420686414499016
243.86397969763 0.31391625826077 0.408500519786541
244.233605559346 0.314610549794554 0.420190211901928
244.583360427164 0.315263880820119 0.407950991172115
244.952738751663 0.315958118745372 0.419651387908991
245.300715319198 0.316608705209859 0.410585398743078
245.668471874471 0.317299266658355 0.419329401809787
246.009368523048 0.317931644889507 0.3987442773301
246.360769603271 0.318587719147482 0.416633212335239
246.701436440966 0.31922247415471 0.413733670785466
247.053213970318 0.319880088914923 0.417012281746438
247.396138559861 0.320520804671011 0.409972282134867
247.750167372589 0.321183723880056 0.417840867790844
248.081002663541 0.321795022182691 0.404747977344712
248.440433504449 0.322469077349336 0.419157490429048
248.785834595367 0.32311487589895 0.409331449524656
249.147448619775 0.323800493488246 0.415956965767479
249.494036506447 0.324447632772425 0.405176475651758
249.86233440572 0.325142429407046 0.417091053008217
250.208501748006 0.325791359755671 0.405653443174154
250.576490875666 0.326485890513819 0.41607042897899
250.922866649607 0.327135647120986 0.403387736250843
251.289969343777 0.327828751921694 0.415594171435094
251.636131486786 0.328479039160899 0.404232120201988
252.002995092365 0.329171552309702 0.415015731744733
252.348612636079 0.32982127253095 0.403488871611499
252.712650664439 0.330508371980452 0.414468227487944
253.052156362873 0.331146270879495 0.405805678333401
253.421320762312 0.33184334035393 0.414555911534548
253.767377622868 0.332494290779202 0.404234636760355
254.133875705676 0.333187389612194 0.413919585035707
254.477115094556 0.333833337616701 0.402828489589687
254.842463052382 0.334522745018671 0.413036692322173
255.187873884878 0.335174589352719 0.403921130319222
255.554671069247 0.335867947979109 0.41271003828034
255.901390286211 0.336521725221748 0.40165545709183
256.260357498914 0.337199675736127 0.408422720510194
256.606117748815 0.337852333924714 0.397300467685165
256.972124158965 0.338546024972223 0.41193917938653
257.31835621352 0.339199740954276 0.401808730633379
257.684399216369 0.339893249279835 0.411269190213763
258.029536867132 0.340544739951046 0.39906408554416
258.395823425731 0.341239627086153 0.410975295393249
258.740625953804 0.341890587122365 0.398594538279985
259.106793399551 0.342585708029643 0.410480612073256
259.451446400527 0.343236769509093 0.398321245030389
259.817717243768 0.343932562873672 0.410035828261524
260.162306625773 0.344583697981281 0.397764850656478
260.528184113397 0.345279090081274 0.409599612650905
260.872735810825 0.345930471384406 0.397447812109246
261.238448495761 0.346625808199402 0.409096682437576
261.582872967261 0.347277261742233 0.396755073787524
261.948674021517 0.347973259409593 0.408727148966284
262.292873108613 0.348624517792819 0.396507627052646
262.658317845939 0.349319976459202 0.408261455342782
263.002600499963 0.349971911486938 0.396439771660817
263.36772165718 0.350666891089785 0.407736286244309
263.711699779131 0.351318567359489 0.395724012867735
264.077043912874 0.352014399132727 0.407215125552297
264.422536257115 0.352668978824172 0.39670216114065
264.787418816548 0.353364270804248 0.407057471496482
265.131013908786 0.354015314648942 0.394866653047066
265.495876150388 0.354710798586032 0.406203162273925
265.840386562059 0.355364137612107 0.39360265375515
266.206220118895 0.356062627637197 0.405977137800566
266.548940212895 0.356711795374618 0.391188683794359
266.914513493222 0.357409907229854 0.405240753356471
267.258367312434 0.35806274954794 0.392912654462984
267.623393760318 0.358759633902005 0.404840479146445
267.966301901214 0.359410571999499 0.391260391840653
268.331733737464 0.360108943381116 0.404389912281606
268.67484595243 0.360760558880251 0.391767558646501
269.039403718873 0.361457299324509 0.403992617458083
269.382178460034 0.362108457063245 0.391017578022283
269.746901859728 0.36280585697671 0.403535685324679
270.089502352063 0.363456777688288 0.390525153599304
270.453723008101 0.364153350323119 0.403083524925959
270.795943683942 0.364803753370369 0.390168636337639
271.160268463069 0.365500673271917 0.402527936671026
271.502462104299 0.366151163003699 0.389012384395806
271.866617415939 0.366848219374238 0.402284168892825
272.208135461599 0.367497281698191 0.389033921988667
272.57192531522 0.368193502995422 0.401762103786461
272.91334716515 0.368842464845087 0.387628620361018
273.277093916739 0.369539230309045 0.401548943656186
273.617885928004 0.370187059174432 0.388785478305646
273.980755607457 0.37088134433384 0.400689865440474
274.321162547945 0.371528681652708 0.385009840041544
274.686069119218 0.372229022097619 0.40082777370644
275.027032001793 0.372877312210544 0.388060297964077
275.388966542969 0.373570480404766 0.400159663351236
275.729716499805 0.374218984324699 0.386790830628514
276.091417555377 0.374912126750579 0.399187519481684
276.431251506181 0.37556011168763 0.386152654929893
276.79339840839 0.376254472405536 0.399180032780963
277.13304098146 0.376901492500877 0.385895732935539
277.494231946966 0.377594841313632 0.398764943174011
277.833390235346 0.37824125660417 0.385425490954476
278.190124027112 0.378926272110714 0.398169582934678
278.527969543598 0.379570785078199 0.386555440256701
278.888407125885 0.380262481567434 0.398012907130473
279.227225401796 0.380908199768083 0.383371672542076
279.584532943392 0.381595282477132 0.397407950764304
279.921924595209 0.382238947307675 0.384738747770318
280.282501866949 0.382931653501184 0.397052577375302
280.621432605727 0.383578457719186 0.383374425794673
280.97855168779 0.384265710297799 0.396613619342625
281.315423617194 0.384908677312382 0.383472306415278
281.675792879167 0.385601575679605 0.396181686453523
282.014520017511 0.386248499301526 0.382559304678256
282.371441515335 0.386935869914641 0.39576469004749
282.708141884116 0.38757889989933 0.382578385444089
283.068361373544 0.388272105154478 0.395310739848642
283.406833924195 0.388918675054099 0.380881505701148
283.763069015991 0.389605166875276 0.3948355901704
284.1003006432 0.39024981167266 0.381866844038547
284.460740452116 0.390944169317337 0.394584054458133
284.798239451954 0.391588209856186 0.378001459073695
285.154768478275 0.392275770098321 0.39381276673159
285.49297486569 0.39292268593048 0.381438587823225
285.852199862333 0.393615171960579 0.393858777261511
286.189074587194 0.394258211867725 0.377141414143868
286.54526062394 0.394945971125792 0.393214032865927
286.879334294862 0.395585565979604 0.381159703122338
287.230835453133 0.396260027712942 0.39056894966821
287.560655084047 0.396886923916416 0.377037826715053
287.9066406859 0.397551152385668 0.390894770685371
288.236095716553 0.398178855097504 0.37767580436958
288.580861744985 0.398840821272968 0.39062168610632
288.909871300193 0.399466553931958 0.377249827948324
289.262501088173 0.400149969403355 0.392131258040816
289.599031392509 0.400793865429231 0.380306988327736
289.952212266523 0.401475900616351 0.391670071227425
290.289375502465 0.40212217553918 0.381204824762331
290.644096154195 0.402808203121475 0.390625774230791
290.981847796579 0.403456213913682 0.379864326258412
291.337849178268 0.404145303840879 0.390084199448904
291.673512340143 0.404789459008094 0.377010523258267
292.030152665158 0.405479100715821 0.389734858047155
292.365496670698 0.406122997174921 0.37941795899916
292.719719642195 0.406811116033114 0.381336266416679
293.075223647932 0.4075060613683 0.388396168943948
293.428400728637 0.408196276718867 0.382389590113754
293.80276770771 0.40893167623761 0.387871777596977
294.161260073589 0.409635519871055 0.383117146475262
294.537121285523 0.410373447277234 0.386517789902306
294.898317871458 0.411083145275155 0.382358268612121
295.271695574755 0.411817492641839 0.385599302300362
295.633951413876 0.412530106160131 0.381853845943047
296.004858691999 0.413259824056049 0.384319916210764
296.365700041294 0.413969730397197 0.380816154028891
296.741029780842 0.414708187688991 0.385326797864565
297.100332760943 0.415415016257059 0.381282615773624
297.476024662184 0.416153724433581 0.38487065430749
297.834799436078 0.416859654903297 0.380213438960251
298.210200212084 0.41759795321778 0.384223535010658
298.569717983002 0.418305291812673 0.380329357847073
298.94435846753 0.419042979566514 0.383961780104712
299.302948391786 0.419748641506794 0.379754452808714
299.67713700573 0.420485976049161 0.3836459184301
300.034876956611 0.421190369994079 0.37899201608498
300.409835463741 0.421928441179266 0.383070328997057
300.768218657268 0.422634503187134 0.378787800471609
301.143084818266 0.423372682024242 0.382600121069467
301.500899248334 0.424077736678748 0.378044020940755
301.875723131778 0.424816012583276 0.382167691723288
302.233424886414 0.425521024420213 0.377822260741144
302.608164846664 0.426259373508458 0.38187401691691
302.965727968084 0.426964327714003 0.377352301706654
303.340482637191 0.427703002400666 0.381488665113775
303.6978972877 0.428407897844315 0.377019575189106
304.072368364428 0.429146188888888 0.380990308896909
304.42958108693 0.429850846598361 0.376264449747953
304.804210030811 0.430589789204159 0.380611255981821
305.161380352046 0.431294630064874 0.376159225231369
305.535700579524 0.432033111458899 0.380179018085036
305.892398821188 0.432737105454207 0.375456099973184
306.266533375059 0.433475372805828 0.379747600439481
306.623807751477 0.434180983678565 0.375369050992335
306.998060716913 0.434919807787954 0.379375445221377
307.355003160909 0.435624888125931 0.374916426575566
307.729125582063 0.436363666804162 0.379056250244486
308.085865171778 0.437068478741889 0.37464375730043
308.45474891733 0.437796770713187 0.378202900242592
308.807672207524 0.438492489787365 0.374653579493295
309.173831498278 0.439216945563336 0.378469805613685
309.529919369416 0.439919691661394 0.371803440062651
309.903693100824 0.440659524367371 0.377907753171531
310.259506172589 0.441362885919514 0.372972884764875
310.633155542985 0.442101687020534 0.377468904076079
310.98922720611 0.442805922981224 0.372713196508391
311.362965121756 0.44354518688005 0.377059605521228
311.718960484682 0.444249533084516 0.372284119762541
312.092409310733 0.444988340178734 0.376621665676136
312.448271608737 0.445692600504584 0.371740251790344
312.821737706836 0.446431704348093 0.376232023854544
313.177686476256 0.447136370134556 0.371453492885363
313.551196061542 0.447875850920302 0.375899622148602
313.906849537348 0.448580110829432 0.371161522821222
314.280210632155 0.449319457140102 0.375426226118922
314.636942148859 0.450026309898591 0.373275120840912
315.001006019252 0.45074810291864 0.373737923157376
315.358482710831 0.451456882645782 0.370658495390024
315.729709785171 0.452193016140054 0.374181157391479
316.086308886204 0.452899957085606 0.369919982001741
316.459401263106 0.453639592663542 0.374185882734056
316.814553254933 0.454343348364586 0.369284584757607
317.187544815789 0.455083311766017 0.373839464545407
317.541872733427 0.455785543496521 0.368664948666334
317.914802289322 0.456525164817586 0.373433122522484
318.269340218249 0.457228070663422 0.368267816846343
318.642092505707 0.45796757391344 0.372977838922577
318.997213999817 0.458672007699841 0.368039771967919
319.368746343545 0.459409150470143 0.372528459929474
319.723863207739 0.460113898173494 0.367824513109899
320.09660831524 0.460853845876708 0.372168655017968
320.451803100779 0.46155855166613 0.367361445529549
320.816060666766 0.462282657250673 0.370573483672708
321.172144945232 0.462990062491151 0.367547121850961
321.546952045849 0.463736611031928 0.371303807316542
321.898111225666 0.464433573922462 0.366808911743405
322.272221402029 0.465176144987374 0.371009626490581
322.626418196905 0.465879480672458 0.365225422631293
322.998853139774 0.466619630877227 0.370473948722101
323.35259981101 0.467322332057185 0.364605570594273
323.725221570927 0.46806325022546 0.370303897859119
324.079109705211 0.468766402496159 0.365056095707088
324.451273111141 0.469506360112451 0.369932963046679
324.805476680686 0.470210331921971 0.364928932625185
325.177542982642 0.470950409770599 0.369490190264892
325.531705831286 0.471654662551287 0.364713342226668
325.903786524575 0.472394886011687 0.369079657246592
326.25734620296 0.47309798754385 0.363968739300296
326.629675874034 0.473838961738649 0.368732204438375
326.983483348954 0.47454284472714 0.363730300137399
327.355670069956 0.475283744817006 0.368321387870401
327.70944768931 0.47598774183827 0.36331682765738
328.08155055906 0.476728681026531 0.367913145130675
328.435369292885 0.477432950390791 0.363103214534507
328.807411598099 0.478173978375424 0.367551770527614
329.160763181512 0.478877414204413 0.362445800905278
329.532794914266 0.479618591343597 0.367139073017769
329.886320175061 0.480322667273737 0.36220627178617
330.258213866879 0.481063709317589 0.366776158214176
330.611769033622 0.481768046676498 0.361906339895922
330.983683734198 0.482509379640267 0.366388368270544
331.337277491072 0.483214014726142 0.36153843764733
331.709239438948 0.483955678879659 0.366001791793515
332.062787059082 0.484660425192381 0.361204646777231
332.434765118709 0.485402324267106 0.365635782189688
332.788320354412 0.48610728229908 0.360839206650862
333.160208113059 0.486849189598956 0.365277540027637
333.51356632929 0.487553893764549 0.360493339291587
333.885320750511 0.488295675583751 0.3649208796774
334.238494149154 0.489000132960441 0.360093072278947
334.610190137274 0.489741995739406 0.364547749318014
334.963423585298 0.490446795157669 0.359776452558608
335.335103455275 0.491188827597989 0.364179521490958
335.688164223625 0.491893409529963 0.359307011444267
336.059802176413 0.492635550412401 0.363799646142083
336.412942263029 0.493340513564354 0.359034550027035
336.784543747293 0.494082777151856 0.363424027928708
337.13755149963 0.494787630284445 0.358634323201498
337.509154003801 0.49553009138677 0.363053649318045
337.862104150672 0.496235014800817 0.358269935213978
338.233660676681 0.49697755783844 0.362685046729959
338.586579694714 0.497682597949465 0.357914204082864
338.958231492369 0.498425554428383 0.362353415351362
339.314291607075 0.499138376902414 0.359403219516354
339.691078512873 0.499893727254361 0.361914460619893
340.048257706685 0.500609216279755 0.358268313526927
340.423508353997 0.501362950261957 0.361351881194677
340.78910406696 0.502097934191218 0.359063081878636
341.169090968291 0.502861005922121 0.360683424515112
341.535800196652 0.50359858002483 0.359290759794092
341.916372335334 0.504362415792977 0.360205034664361
342.286822929487 0.505107594969919 0.359660078391771
342.650497483412 0.505836438717467 0.357002804248704
343.025034723842 0.506588517201726 0.359919879055848
343.383434581309 0.50730701110408 0.354519135271782
343.756419741288 0.508054932298548 0.359616773650052
344.109298779102 0.508761002024247 0.355647688741383
344.480630051996 0.509504741035131 0.359635882847812
344.832357484957 0.510208275724967 0.356459992390821
345.20514059653 0.510957691853173 0.359607604546266
345.56336001126 0.511676856369947 0.356060893020923
345.938789333189 0.512431364473928 0.358940334543168
346.299129962652 0.513155210579026 0.354923616064799
346.675217735789 0.513911078500577 0.358323289865701
347.03539691534 0.514634910591766 0.354436193313543
347.411993665585 0.515392027707944 0.357781862502703
347.772456256166 0.516116884198409 0.35478220315172
348.152271893252 0.516881346337478 0.357669896180832
348.516740657526 0.51761419590826 0.353036216036613
348.894056387594 0.518374088907544 0.357356338943673
349.258544212901 0.519108494219301 0.356026192017054
349.631466417068 0.519857369743479 0.352836916073242
350.002683866672 0.520605996950428 0.35688255433105
350.371388618613 0.521346449450803 0.351815678634471
350.741400962224 0.522092456411456 0.35645568687015
351.109189336094 0.522830478489071 0.351960984260419
351.483430484462 0.523585067297124 0.356191680840892
351.842100454176 0.52430567989723 0.351697339442072
352.21762816735 0.525061446886149 0.355735156209222
352.57709832064 0.52578502296827 0.352613210001802
352.952764078048 0.526541127717635 0.355362682219584
353.3070907624 0.527253441127524 0.352012524229724
353.675054734201 0.527992210363629 0.354827354945395
354.028804346624 0.528702384267693 0.350828318733421
354.399442742909 0.529447003505458 0.354918867033231
354.757251404228 0.530166250141229 0.352203155056017
355.126969391285 0.530911243231499 0.353480447496515
355.490469044413 0.531643645420647 0.348601377026391
355.868128514491 0.532405148488258 0.354158104073439
356.225946725894 0.533125494272879 0.349027630099304
356.603128098748 0.533886049275804 0.353652023852792
356.962151851805 0.534609722768217 0.350701378068277
357.338096043754 0.535367231096517 0.353078038062651
357.697821653194 0.536092646447009 0.350890971936674
358.074141255046 0.53685084090738 0.352963717363411
358.434031011037 0.537576716752781 0.350492999638614
358.809967312306 0.538334465778299 0.352709263781233
359.172806664694 0.539065993169744 0.347424623620129
359.547259682652 0.539821685377681 0.352250530515157
359.905634849638 0.540544605532313 0.34951138998751
360.281690843349 0.541302735794314 0.351883893494518
360.643050396541 0.542031882295417 0.348290217141933
361.019004272851 0.542792282964651 0.351718383462613
361.381575976583 0.543523665525967 0.347292736632132
361.75978353913 0.544287910945949 0.351137598925717
362.116397224617 0.545007035276087 0.347500096813179
362.492280433348 0.545765451136281 0.350794708760029
362.851677914401 0.546491128676305 0.348401232937187
363.220034162868 0.547233948098621 0.349618889695838
363.58649754687 0.547974387856897 0.34706387619905
363.961917956362 0.548733334770457 0.350015307443838
364.319132888368 0.549453499402308 0.344746819981434
364.68903100954 0.550200174469833 0.349160325773882
365.062836608133 0.550958284500823 0.348532031309567
